85
-16
-95
4
86
58
81
-19
14
-12
58
-59
25
-85
-32
31
-47
-43
6
-29
2
92
-56
-74
2
83
41
45
-44
-5
55
-45
92
-75
18
88
-91
53
41
-31
49
-37
-4
25
73
90
78
98
30
83
79
-79
-5
26
74
-11
-60
-91
41
-45
-46
30
-48
-26
94
76
73
-57
90
42
59
-57
20
-47
-60
-1
-58
-1
-55
26
-97
99
-48
-56
-91
66
-78
-67
90
35
-69
-14
24
63
84
76
-45
-8
18
66
86
-17
26
29
72
30
76
35
77
-49
36
-63
48
45
7
-28
-50
-24
15
61
-3
-97
33
85
-49
-59
-59
-49
85
96
47
-6
25
63
-83
-87
-16
-41
34
74
-97
-4
21
93
53
37
-79
-40
-3
81
7
47
-88
92
35
95
-66
-41
85
33
-84
86
-62
85
92
-36
-33
-77
-93
9
4
34
-54
48
68
-73
12
-80
78
-32
4
53
-27
-63
50
83
1
-6
78
15
83
-10
-90
-86
41
-47
-3
84
-22
-86
-18
-74
-87
34
66
-11
81
60
81
46
-81
78
-7
86
-19
13
-47
55
-5
-64
-77
42
79
-72
72
47
-89
95
25
-37
4
36
28
-24
15
-45
5
76
-1
-76
-62
-88
27
79
-1
-41
90
24
41
87
-100
-66
-94
-66
-1
81
-3
38
-25
-10
81
-89
-62
-54
-18
-32
49
-15
-68
47
-31
-22
94
-73
72
-22
38
-59
17
-53
-62
94
-13
93
-81
-59
4
-33
-9
53
75
-7
-65
76
61
93
26
-32
87
95
16
64
82
-90
-54
-9
91
-40
101
-45
-9
-74
-52
75
56
-8
6
-30
13
27
-4
72
91
57
-15
54
-93
61
-81
-94
-72
38
-80
-28
-21
57
-15
35
-48
87
23
-88
72
87
-20
52
34
-48
-61
8
38
-89
-78
-17
-99
50
82
-32
4
5
-26
35
-27
-36
16
25
40
65
-28
57
20
-59
-44
19
18
-83
-28
93
-43
-32
-60
35
-80
5
-29
50
6
-90
79
4
25
56
-53
35
-38
10
70
87
-64
74
-98
-32
-39
-87
88
-27
34
-13
86
63
96
-96
-21
-58
36
-57
48
-71
-90
0
-97
-81
54
0
-2
79
-50
-24
-90
-45
-64
-42
-100
-100
27
26
6
-50
35
-64
-49
43
87
-16
10
12
-35
-12
21
91
51
97
98
-62
61
6
-89
87
6
93
-32
-68
66
32
97
69
-31
40
37
77
-94
-8
-16
-82
59
77
-72
26
81
43
-74
-88
-19
61
73
-90
61
55
100
23
-54
62
-60
61
-42
10
79
-29
67
51
-12
41
70
-50
80
43
-57
3
-94
-1
-95
-98
30
-47
57
28
18
-67
-83
68
-43
-37
-8
53
-36
77
-99
-15
93
-66
-91
76
60
53
-62
-27
-60
70
98
-83
-87
-87
46
-60
82
18
23
18
-25
-39
32
-24
-8
25
49
-10
11
-95
68
-75
-59
35
54
-51
-86
-71
-23
-73
61
-79
-35
-50
-41
-63
44
-83
-15
71
-54
98
-29
-72
-86
-60
10
98
-84
-76
66
-30
74
16
34
7
-29
-98
4
-93
-38
-6
39
-80
21
87
-9
-9
85
27
34
-72
76
75
66
23
-7
20
6
-94
95
65
-20
-32
-58
-1
69
44
-35
-39
-80
61
-62
-30
-15
43
-7
-92
41
19
51
-71
-93
62
3
29
29
40
-7
-64
-70
87
-38
56
37
19
-19
-28
-82
-56
-1
38
1
76
-86
-73
-1
-25
27
-62
-43
29
38
-6
70
-78
82
65
66
-52
71
18
-54
-29
40
-59
-93
70
-85
61
15
-85
-86
41
32
8
72
21
-50
-64
-36
85
13
-27
-21
-9
-27
76
28
-34
-25
31
56
-19
-39
-21
91
-85
-77
70
-5
1
55
-36
2
-55
-7
-41
49
-83
70
-41
-78
78
57
24
-6
-10
-11
-15
-28
-42
-61
-92
67
-57
99
83
-20
-76
-8
-67
-55
-39
-76
74
87
-22
-15
79
73
45
33
53
-29
-67
43
-30
3
-70
64
62
-40
22
13
-15
-55
34
61
0
-67
57
-89
37
-15
-96
-53
18
-94
-88
85
-4
12
-80
-67
36
-44
56
-44
-54
-58
87
6
23
-78
-78
88
0
-6
8
27
62
-85
-66
90
-60
-11
62
-18
33
-36
-96
-43
-6
17
-45
87
90
-61
70
-87
-42
-51
-35
-64
14
-65
-57
-62
40
93
22
-93
-57
5
16
71
88
41
29
-51
82
9
-49
-29
-97
-74
42
-12
-13
7
-11
52
-6
24
-89
12
1
-50
-62
71
55
50
69
90
-41
24
-36
-72
58
44
-36
-38
-46
-91
-31
-48
75
-5
-34
-40
36
91
61
38
-71
-40
-99
-14
36
36
-15
-85
-24
-13
-74
25
8
18
55
-16
101
26
17
-69
19
-13
42
-40
-8
-98
-81
30
-26
81
32
82
-32
-24
72
-28
93
97
78
-42
-10
56
63
-70
-5
36
81
36
52
17
-69
-68
95
78
-57
-8
-70
-28
-75
91
-49
83
17
-73
54
14
-54
-18
30
-7
-45
-34
-9
4
38
-96
-13
-20
12
10
-52
-26
-81
41
-7
-3
-96
51
-23
63
-80
47
64
-34
33
-25
-50
-21
88
-97
13
99
-41
-58
57
20
-38
